          16
   -0.17904122E+01    0.30000000E+00 0.0 0.0 0.0
    0.61944945E-01    0.81654446E+00 0.0 0.0 0.0
   -0.39538022E+01    0.22224829E+01 0.0 0.0 0.0
   -0.60031050E+01    0.60491869E+01 0.0 0.0 0.0
    0.60189014E+00    0.16464767E+02 0.0 0.0 0.0
    0.15487579E+02    0.44814047E+02 0.0 0.0 0.0
   -0.40893155E+01    0.12197554E+03 0.0 0.0 0.0
    0.76427967E+01    0.33199484E+03 0.0 0.0 0.0
   -0.43566639E+01    0.90362850E+03 0.0 0.0 0.0
    0.43822268E+01    0.24595095E+04 0.0 0.0 0.0
   -0.23694480E+01    0.66943295E+04 0.0 0.0 0.0
    0.19485874E+01    0.18220726E+05 0.0 0.0 0.0
   -0.98509580E+00    0.49593442E+05 0.0 0.0 0.0
    0.65100737E+00    0.13498417E+06 0.0 0.0 0.0
   -0.21778053E+00    0.36740192E+06 0.0 0.0 0.0
    0.11653402E+00    0.10000000E+07 0.0 0.0 0.0
