F
216
96 4

  1.00000000   0.00000000   0.00000000
  0.00000000   1.00000000   0.00000000
  0.00000000   0.00000000   1.00000000
  0.00000000   0.00000000   0.00000000

  1.00000000   0.00000000   0.00000000
  0.00000000  -1.00000000   0.00000000
  0.00000000   0.00000000  -1.00000000
  0.00000000   0.00000000   0.00000000

 -1.00000000   0.00000000   0.00000000
  0.00000000   1.00000000   0.00000000
  0.00000000   0.00000000  -1.00000000
  0.00000000   0.00000000   0.00000000

 -1.00000000   0.00000000   0.00000000
  0.00000000  -1.00000000   0.00000000
  0.00000000   0.00000000   1.00000000
  0.00000000   0.00000000   0.00000000

  0.00000000   0.00000000   1.00000000
  1.00000000   0.00000000   0.00000000
  0.00000000   1.00000000   0.00000000
  0.00000000   0.00000000   0.00000000

  0.00000000   0.00000000  -1.00000000
 -1.00000000   0.00000000   0.00000000
  0.00000000   1.00000000   0.00000000
  0.00000000   0.00000000   0.00000000

  0.00000000   0.00000000   1.00000000
 -1.00000000   0.00000000   0.00000000
  0.00000000  -1.00000000   0.00000000
  0.00000000   0.00000000   0.00000000

  0.00000000   0.00000000  -1.00000000
  1.00000000   0.00000000   0.00000000
  0.00000000  -1.00000000   0.00000000
  0.00000000   0.00000000   0.00000000

  0.00000000   1.00000000   0.00000000
  0.00000000   0.00000000   1.00000000
  1.00000000   0.00000000   0.00000000
  0.00000000   0.00000000   0.00000000

  0.00000000  -1.00000000   0.00000000
  0.00000000   0.00000000   1.00000000
 -1.00000000   0.00000000   0.00000000
  0.00000000   0.00000000   0.00000000

  0.00000000  -1.00000000   0.00000000
  0.00000000   0.00000000  -1.00000000
  1.00000000   0.00000000   0.00000000
  0.00000000   0.00000000   0.00000000

  0.00000000   1.00000000   0.00000000
  0.00000000   0.00000000  -1.00000000
 -1.00000000   0.00000000   0.00000000
  0.00000000   0.00000000   0.00000000

 -1.00000000   0.00000000   0.00000000
  0.00000000   0.00000000   1.00000000
  0.00000000  -1.00000000   0.00000000
  0.00000000   0.00000000   0.00000000

 -1.00000000   0.00000000   0.00000000
  0.00000000   0.00000000  -1.00000000
  0.00000000   1.00000000   0.00000000
  0.00000000   0.00000000   0.00000000

  1.00000000   0.00000000   0.00000000
  0.00000000   0.00000000   1.00000000
  0.00000000   1.00000000   0.00000000
  0.00000000   0.00000000   0.00000000

  1.00000000   0.00000000   0.00000000
  0.00000000   0.00000000  -1.00000000
  0.00000000  -1.00000000   0.00000000
  0.00000000   0.00000000   0.00000000

  0.00000000   0.00000000  -1.00000000
  0.00000000  -1.00000000   0.00000000
  1.00000000   0.00000000   0.00000000
  0.00000000   0.00000000   0.00000000

  0.00000000   0.00000000   1.00000000
  0.00000000  -1.00000000   0.00000000
 -1.00000000   0.00000000   0.00000000
  0.00000000   0.00000000   0.00000000

  0.00000000   0.00000000   1.00000000
  0.00000000   1.00000000   0.00000000
  1.00000000   0.00000000   0.00000000
  0.00000000   0.00000000   0.00000000

  0.00000000   0.00000000  -1.00000000
  0.00000000   1.00000000   0.00000000
 -1.00000000   0.00000000   0.00000000
  0.00000000   0.00000000   0.00000000

  0.00000000   1.00000000   0.00000000
 -1.00000000   0.00000000   0.00000000
  0.00000000   0.00000000  -1.00000000
  0.00000000   0.00000000   0.00000000

  0.00000000  -1.00000000   0.00000000
  1.00000000   0.00000000   0.00000000
  0.00000000   0.00000000  -1.00000000
  0.00000000   0.00000000   0.00000000

  0.00000000   1.00000000   0.00000000
  1.00000000   0.00000000   0.00000000
  0.00000000   0.00000000   1.00000000
  0.00000000   0.00000000   0.00000000

  0.00000000  -1.00000000   0.00000000
 -1.00000000   0.00000000   0.00000000
  0.00000000   0.00000000   1.00000000
  0.00000000   0.00000000   0.00000000

  1.00000000   0.00000000   0.00000000
  0.00000000   1.00000000   0.00000000
  0.00000000   0.00000000   1.00000000
  0.00000000   0.50000000   0.50000000

  1.00000000   0.00000000   0.00000000
  0.00000000  -1.00000000   0.00000000
  0.00000000   0.00000000  -1.00000000
  0.00000000   0.50000000   0.50000000

 -1.00000000   0.00000000   0.00000000
  0.00000000   1.00000000   0.00000000
  0.00000000   0.00000000  -1.00000000
  0.00000000   0.50000000   0.50000000

 -1.00000000   0.00000000   0.00000000
  0.00000000  -1.00000000   0.00000000
  0.00000000   0.00000000   1.00000000
  0.00000000   0.50000000   0.50000000

  0.00000000   0.00000000   1.00000000
  1.00000000   0.00000000   0.00000000
  0.00000000   1.00000000   0.00000000
  0.00000000   0.50000000   0.50000000

  0.00000000   0.00000000  -1.00000000
 -1.00000000   0.00000000   0.00000000
  0.00000000   1.00000000   0.00000000
  0.00000000   0.50000000   0.50000000

  0.00000000   0.00000000   1.00000000
 -1.00000000   0.00000000   0.00000000
  0.00000000  -1.00000000   0.00000000
  0.00000000   0.50000000   0.50000000

  0.00000000   0.00000000  -1.00000000
  1.00000000   0.00000000   0.00000000
  0.00000000  -1.00000000   0.00000000
  0.00000000   0.50000000   0.50000000

  0.00000000   1.00000000   0.00000000
  0.00000000   0.00000000   1.00000000
  1.00000000   0.00000000   0.00000000
  0.00000000   0.50000000   0.50000000

  0.00000000  -1.00000000   0.00000000
  0.00000000   0.00000000   1.00000000
 -1.00000000   0.00000000   0.00000000
  0.00000000   0.50000000   0.50000000

  0.00000000  -1.00000000   0.00000000
  0.00000000   0.00000000  -1.00000000
  1.00000000   0.00000000   0.00000000
  0.00000000   0.50000000   0.50000000

  0.00000000   1.00000000   0.00000000
  0.00000000   0.00000000  -1.00000000
 -1.00000000   0.00000000   0.00000000
  0.00000000   0.50000000   0.50000000

 -1.00000000   0.00000000   0.00000000
  0.00000000   0.00000000   1.00000000
  0.00000000  -1.00000000   0.00000000
  0.00000000   0.50000000   0.50000000

 -1.00000000   0.00000000   0.00000000
  0.00000000   0.00000000  -1.00000000
  0.00000000   1.00000000   0.00000000
  0.00000000   0.50000000   0.50000000

  1.00000000   0.00000000   0.00000000
  0.00000000   0.00000000   1.00000000
  0.00000000   1.00000000   0.00000000
  0.00000000   0.50000000   0.50000000

  1.00000000   0.00000000   0.00000000
  0.00000000   0.00000000  -1.00000000
  0.00000000  -1.00000000   0.00000000
  0.00000000   0.50000000   0.50000000

  0.00000000   0.00000000  -1.00000000
  0.00000000  -1.00000000   0.00000000
  1.00000000   0.00000000   0.00000000
  0.00000000   0.50000000   0.50000000

  0.00000000   0.00000000   1.00000000
  0.00000000  -1.00000000   0.00000000
 -1.00000000   0.00000000   0.00000000
  0.00000000   0.50000000   0.50000000

  0.00000000   0.00000000   1.00000000
  0.00000000   1.00000000   0.00000000
  1.00000000   0.00000000   0.00000000
  0.00000000   0.50000000   0.50000000

  0.00000000   0.00000000  -1.00000000
  0.00000000   1.00000000   0.00000000
 -1.00000000   0.00000000   0.00000000
  0.00000000   0.50000000   0.50000000

  0.00000000   1.00000000   0.00000000
 -1.00000000   0.00000000   0.00000000
  0.00000000   0.00000000  -1.00000000
  0.00000000   0.50000000   0.50000000

  0.00000000  -1.00000000   0.00000000
  1.00000000   0.00000000   0.00000000
  0.00000000   0.00000000  -1.00000000
  0.00000000   0.50000000   0.50000000

  0.00000000   1.00000000   0.00000000
  1.00000000   0.00000000   0.00000000
  0.00000000   0.00000000   1.00000000
  0.00000000   0.50000000   0.50000000

  0.00000000  -1.00000000   0.00000000
 -1.00000000   0.00000000   0.00000000
  0.00000000   0.00000000   1.00000000
  0.00000000   0.50000000   0.50000000

  1.00000000   0.00000000   0.00000000
  0.00000000   1.00000000   0.00000000
  0.00000000   0.00000000   1.00000000
  0.50000000   0.00000000   0.50000000

  1.00000000   0.00000000   0.00000000
  0.00000000  -1.00000000   0.00000000
  0.00000000   0.00000000  -1.00000000
  0.50000000   0.00000000   0.50000000

 -1.00000000   0.00000000   0.00000000
  0.00000000   1.00000000   0.00000000
  0.00000000   0.00000000  -1.00000000
  0.50000000   0.00000000   0.50000000

 -1.00000000   0.00000000   0.00000000
  0.00000000  -1.00000000   0.00000000
  0.00000000   0.00000000   1.00000000
  0.50000000   0.00000000   0.50000000

  0.00000000   0.00000000   1.00000000
  1.00000000   0.00000000   0.00000000
  0.00000000   1.00000000   0.00000000
  0.50000000   0.00000000   0.50000000

  0.00000000   0.00000000  -1.00000000
 -1.00000000   0.00000000   0.00000000
  0.00000000   1.00000000   0.00000000
  0.50000000   0.00000000   0.50000000

  0.00000000   0.00000000   1.00000000
 -1.00000000   0.00000000   0.00000000
  0.00000000  -1.00000000   0.00000000
  0.50000000   0.00000000   0.50000000

  0.00000000   0.00000000  -1.00000000
  1.00000000   0.00000000   0.00000000
  0.00000000  -1.00000000   0.00000000
  0.50000000   0.00000000   0.50000000

  0.00000000   1.00000000   0.00000000
  0.00000000   0.00000000   1.00000000
  1.00000000   0.00000000   0.00000000
  0.50000000   0.00000000   0.50000000

  0.00000000  -1.00000000   0.00000000
  0.00000000   0.00000000   1.00000000
 -1.00000000   0.00000000   0.00000000
  0.50000000   0.00000000   0.50000000

  0.00000000  -1.00000000   0.00000000
  0.00000000   0.00000000  -1.00000000
  1.00000000   0.00000000   0.00000000
  0.50000000   0.00000000   0.50000000

  0.00000000   1.00000000   0.00000000
  0.00000000   0.00000000  -1.00000000
 -1.00000000   0.00000000   0.00000000
  0.50000000   0.00000000   0.50000000

 -1.00000000   0.00000000   0.00000000
  0.00000000   0.00000000   1.00000000
  0.00000000  -1.00000000   0.00000000
  0.50000000   0.00000000   0.50000000

 -1.00000000   0.00000000   0.00000000
  0.00000000   0.00000000  -1.00000000
  0.00000000   1.00000000   0.00000000
  0.50000000   0.00000000   0.50000000

  1.00000000   0.00000000   0.00000000
  0.00000000   0.00000000   1.00000000
  0.00000000   1.00000000   0.00000000
  0.50000000   0.00000000   0.50000000

  1.00000000   0.00000000   0.00000000
  0.00000000   0.00000000  -1.00000000
  0.00000000  -1.00000000   0.00000000
  0.50000000   0.00000000   0.50000000

  0.00000000   0.00000000  -1.00000000
  0.00000000  -1.00000000   0.00000000
  1.00000000   0.00000000   0.00000000
  0.50000000   0.00000000   0.50000000

  0.00000000   0.00000000   1.00000000
  0.00000000  -1.00000000   0.00000000
 -1.00000000   0.00000000   0.00000000
  0.50000000   0.00000000   0.50000000

  0.00000000   0.00000000   1.00000000
  0.00000000   1.00000000   0.00000000
  1.00000000   0.00000000   0.00000000
  0.50000000   0.00000000   0.50000000

  0.00000000   0.00000000  -1.00000000
  0.00000000   1.00000000   0.00000000
 -1.00000000   0.00000000   0.00000000
  0.50000000   0.00000000   0.50000000

  0.00000000   1.00000000   0.00000000
 -1.00000000   0.00000000   0.00000000
  0.00000000   0.00000000  -1.00000000
  0.50000000   0.00000000   0.50000000

  0.00000000  -1.00000000   0.00000000
  1.00000000   0.00000000   0.00000000
  0.00000000   0.00000000  -1.00000000
  0.50000000   0.00000000   0.50000000

  0.00000000   1.00000000   0.00000000
  1.00000000   0.00000000   0.00000000
  0.00000000   0.00000000   1.00000000
  0.50000000   0.00000000   0.50000000

  0.00000000  -1.00000000   0.00000000
 -1.00000000   0.00000000   0.00000000
  0.00000000   0.00000000   1.00000000
  0.50000000   0.00000000   0.50000000

  1.00000000   0.00000000   0.00000000
  0.00000000   1.00000000   0.00000000
  0.00000000   0.00000000   1.00000000
  0.50000000   0.50000000   0.00000000

  1.00000000   0.00000000   0.00000000
  0.00000000  -1.00000000   0.00000000
  0.00000000   0.00000000  -1.00000000
  0.50000000   0.50000000   0.00000000

 -1.00000000   0.00000000   0.00000000
  0.00000000   1.00000000   0.00000000
  0.00000000   0.00000000  -1.00000000
  0.50000000   0.50000000   0.00000000

 -1.00000000   0.00000000   0.00000000
  0.00000000  -1.00000000   0.00000000
  0.00000000   0.00000000   1.00000000
  0.50000000   0.50000000   0.00000000

  0.00000000   0.00000000   1.00000000
  1.00000000   0.00000000   0.00000000
  0.00000000   1.00000000   0.00000000
  0.50000000   0.50000000   0.00000000

  0.00000000   0.00000000  -1.00000000
 -1.00000000   0.00000000   0.00000000
  0.00000000   1.00000000   0.00000000
  0.50000000   0.50000000   0.00000000

  0.00000000   0.00000000   1.00000000
 -1.00000000   0.00000000   0.00000000
  0.00000000  -1.00000000   0.00000000
  0.50000000   0.50000000   0.00000000

  0.00000000   0.00000000  -1.00000000
  1.00000000   0.00000000   0.00000000
  0.00000000  -1.00000000   0.00000000
  0.50000000   0.50000000   0.00000000

  0.00000000   1.00000000   0.00000000
  0.00000000   0.00000000   1.00000000
  1.00000000   0.00000000   0.00000000
  0.50000000   0.50000000   0.00000000

  0.00000000  -1.00000000   0.00000000
  0.00000000   0.00000000   1.00000000
 -1.00000000   0.00000000   0.00000000
  0.50000000   0.50000000   0.00000000

  0.00000000  -1.00000000   0.00000000
  0.00000000   0.00000000  -1.00000000
  1.00000000   0.00000000   0.00000000
  0.50000000   0.50000000   0.00000000

  0.00000000   1.00000000   0.00000000
  0.00000000   0.00000000  -1.00000000
 -1.00000000   0.00000000   0.00000000
  0.50000000   0.50000000   0.00000000

 -1.00000000   0.00000000   0.00000000
  0.00000000   0.00000000   1.00000000
  0.00000000  -1.00000000   0.00000000
  0.50000000   0.50000000   0.00000000

 -1.00000000   0.00000000   0.00000000
  0.00000000   0.00000000  -1.00000000
  0.00000000   1.00000000   0.00000000
  0.50000000   0.50000000   0.00000000

  1.00000000   0.00000000   0.00000000
  0.00000000   0.00000000   1.00000000
  0.00000000   1.00000000   0.00000000
  0.50000000   0.50000000   0.00000000

  1.00000000   0.00000000   0.00000000
  0.00000000   0.00000000  -1.00000000
  0.00000000  -1.00000000   0.00000000
  0.50000000   0.50000000   0.00000000

  0.00000000   0.00000000  -1.00000000
  0.00000000  -1.00000000   0.00000000
  1.00000000   0.00000000   0.00000000
  0.50000000   0.50000000   0.00000000

  0.00000000   0.00000000   1.00000000
  0.00000000  -1.00000000   0.00000000
 -1.00000000   0.00000000   0.00000000
  0.50000000   0.50000000   0.00000000

  0.00000000   0.00000000   1.00000000
  0.00000000   1.00000000   0.00000000
  1.00000000   0.00000000   0.00000000
  0.50000000   0.50000000   0.00000000

  0.00000000   0.00000000  -1.00000000
  0.00000000   1.00000000   0.00000000
 -1.00000000   0.00000000   0.00000000
  0.50000000   0.50000000   0.00000000

  0.00000000   1.00000000   0.00000000
 -1.00000000   0.00000000   0.00000000
  0.00000000   0.00000000  -1.00000000
  0.50000000   0.50000000   0.00000000

  0.00000000  -1.00000000   0.00000000
  1.00000000   0.00000000   0.00000000
  0.00000000   0.00000000  -1.00000000
  0.50000000   0.50000000   0.00000000

  0.00000000   1.00000000   0.00000000
  1.00000000   0.00000000   0.00000000
  0.00000000   0.00000000   1.00000000
  0.50000000   0.50000000   0.00000000

  0.00000000  -1.00000000   0.00000000
 -1.00000000   0.00000000   0.00000000
  0.00000000   0.00000000   1.00000000
  0.50000000   0.50000000   0.00000000
0
 3.615900000 0 0
 0 3.6159 0
 0 0 3.6159
2
1 1  0.250000000 0.250000000 0.250000000
2 1  0.000000000 0.000000000 0.000000000
