TITLE
empty BN-c Perfect crystal.

END_TITLE
NUM_ATOM_TYPES
2    
ATOM_TYPE_ID__SEQUENTIAL_NUMBER
1     1     1         1
ATOM_TYPE_LABEL
b1_1
NUM_ALPHA_S_P_D_F
      20      20       0       0
ALPHAS
    0.12000000E+00    0.23711531E+00    0.46853060E+00    0.92579816E+00
    0.18293410E+01    0.36147064E+01    0.71425186E+01    0.14113338E+02
    0.27887404E+02    0.55104421E+02    0.10888418E+03    0.21515090E+03
    0.42512977E+03    0.84003981E+03    0.16598859E+04    0.32798696E+04
    0.64808943E+04    0.12805994E+05    0.25304144E+05    0.50000000E+05
NUM_CORE_RADIAL_FNS
       1       1       1
NL_RADIAL_FUNCTIONS
       1       1
       1       0       0       2       1
    0.23252983E-04   -0.16531288E-03   -0.24586730E-02   -0.12073827E+00
   -0.78081032E+00   -0.19683834E+01   -0.29406701E+01   -0.31553671E+01
   -0.28888958E+01   -0.23483790E+01   -0.17814575E+01   -0.13181771E+01
   -0.93058857E+00   -0.70604835E+00   -0.43512922E+00   -0.42781424E+00
   -0.11109165E+00   -0.37650861E+00    0.13167867E+00   -0.31278632E+00
NUM_VALE_RADIAL_FNS
       2       4       6
NL_RADIAL_FUNCTIONS
       1       1
       2       0       0       2       1
   -0.34313576E+00   -0.94606954E-01   -0.59802040E+00    0.27874204E+00
    0.19722842E+00    0.89956833E+00    0.67990653E+00    0.94037398E+00
    0.56614149E+00    0.63052406E+00    0.32332685E+00    0.35442603E+00
    0.15619234E+00    0.19560182E+00    0.64191666E-01    0.11891918E+00
    0.60211119E-02    0.95382951E-01   -0.35852494E-01    0.71085847E-01
       1       2
       3       0       0       2       1
    0.18234901E+01   -0.45467999E+01    0.42073810E+01   -0.41644134E+01
    0.39312676E+01   -0.24340427E+01    0.30610066E+01   -0.13730348E+01
    0.20931281E+01   -0.89171522E+00    0.13324481E+01   -0.62462682E+00
    0.82760249E+00   -0.42927825E+00    0.50258928E+00   -0.26803681E+00
    0.26942390E+00   -0.10992049E+00    0.72495266E-01    0.19803390E-01
       1       3
       4       0       0       2       1
    0.18361426E+01   -0.85908658E+01    0.15271342E+02   -0.13035147E+02
    0.10083956E+02   -0.96134162E+01    0.59530918E+01   -0.65982291E+01
    0.37412827E+01   -0.42933137E+01    0.24932973E+01   -0.27278677E+01
    0.16852036E+01   -0.17253367E+01    0.11175143E+01   -0.10671386E+01
    0.68636153E+00   -0.58099885E+00    0.29995176E+00   -0.16686336E+00
       1       1
       2       1       2       6       1
    0.12645433E+00    0.90082609E-02    0.43423472E+00    0.14038648E+00
    0.67533265E+00    0.15191862E+00    0.76483112E+00   -0.33395739E-01
    0.70641361E+00   -0.24576131E+00    0.66844767E+00   -0.44687074E+00
    0.70013876E+00   -0.62102289E+00    0.78357474E+00   -0.76906586E+00
    0.85212789E+00   -0.78490808E+00    0.65061493E+00   -0.30665744E+00
       1       2
       3       1       2       6       1
    0.44299699E+00   -0.11635036E+01    0.10956339E+01   -0.19984133E+01
    0.14535517E+01   -0.25010295E+01    0.18835723E+01   -0.28468862E+01
    0.25091158E+01   -0.32671697E+01    0.32293437E+01   -0.38324534E+01
    0.40272128E+01   -0.45652296E+01    0.48883355E+01   -0.53335336E+01
    0.55069116E+01   -0.53457738E+01    0.42815860E+01   -0.21572292E+01
       1       3
       4       1       2       6       1
   -0.43543638E+00    0.23887437E+01   -0.44811548E+01    0.38034866E+01
   -0.56366757E+01    0.46896338E+01   -0.65715432E+01    0.59646720E+01
   -0.75611299E+01    0.75195411E+01   -0.88763264E+01    0.93473622E+01
   -0.10604713E+02    0.11431710E+02   -0.12643557E+02    0.13502159E+02
   -0.14138416E+02    0.13580625E+02   -0.10951802E+02    0.54459442E+01
ATOM_TYPE_ID__SEQUENTIAL_NUMBER
2     1     1         2
ATOM_TYPE_LABEL
n1_1
NUM_ALPHA_S_P_D_F
      20      20       0       0
ALPHAS
    0.12000000E+00    0.23711531E+00    0.46853060E+00    0.92579816E+00
    0.18293410E+01    0.36147064E+01    0.71425186E+01    0.14113338E+02
    0.27887404E+02    0.55104421E+02    0.10888418E+03    0.21515090E+03
    0.42512977E+03    0.84003981E+03    0.16598859E+04    0.32798696E+04
    0.64808943E+04    0.12805994E+05    0.25304144E+05    0.50000000E+05
NUM_CORE_RADIAL_FNS
       1       1       1
NL_RADIAL_FUNCTIONS
       1       1
       1       0       0       2       1
    0.11889834E-04   -0.67911920E-04    0.18109327E-03   -0.32124477E-02
   -0.15655454E+00   -0.12266756E+01   -0.33096283E+01   -0.50392224E+01
   -0.54442954E+01   -0.49148707E+01   -0.39639830E+01   -0.30285341E+01
   -0.21708351E+01   -0.16599056E+01   -0.10263419E+01   -0.10111930E+01
   -0.26286583E+00   -0.89074342E+00    0.31124491E+00   -0.74004732E+00
NUM_VALE_RADIAL_FNS
       2       4       6
NL_RADIAL_FUNCTIONS
       1       1
       2       0       0       2       1
    0.71392110E-01    0.26377988E+00    0.58935119E+00    0.60624665E+00
    0.17393535E+00   -0.73432383E+00   -0.13026675E+01   -0.15621338E+01
   -0.14718613E+01   -0.12310415E+01   -0.95604851E+00   -0.71720696E+00
   -0.50781897E+00   -0.38734892E+00   -0.23808380E+00   -0.23506708E+00
   -0.60702855E-01   -0.20672583E+00    0.72258969E-01   -0.17158807E+00
       1       2
       3       0       0       2       1
    0.15839438E+01   -0.32610400E+01    0.29180282E+01   -0.33853771E+01
    0.25698552E+01   -0.18776805E+01    0.23860799E+01   -0.79739296E+00
    0.18249491E+01   -0.43866804E+00    0.11867907E+01   -0.32350250E+00
    0.72286063E+00   -0.24187619E+00    0.42466976E+00   -0.15204949E+00
    0.21382983E+00   -0.39610999E-01    0.39315619E-01    0.50084270E-01
       1       3
       4       0       0       2       1
   -0.19306431E+01    0.81281453E+01   -0.12402044E+02    0.96839163E+01
   -0.87729754E+01    0.76243881E+01   -0.47090317E+01    0.57316915E+01
   -0.26495026E+01    0.38635391E+01   -0.17349144E+01    0.24513806E+01
   -0.12086224E+01    0.15300730E+01   -0.83183164E+00    0.94455743E+00
   -0.53831767E+00    0.53977008E+00   -0.26738542E+00    0.19161212E+00
       1       1
       2       1       2       6       1
    0.48426919E-01    0.84023161E-01    0.35564310E+00    0.58174715E+00
    0.11201381E+01    0.12139780E+01    0.14259963E+01    0.11892487E+01
    0.11333550E+01    0.72102337E+00    0.74657565E+00    0.32116749E+00
    0.47723971E+00    0.70863280E-01    0.34564883E+00   -0.71746208E-01
    0.28064434E+00   -0.12192683E+00    0.17580078E+00   -0.13312765E-01
       1       2
       3       1       2       6       1
    0.41358566E+00   -0.88936730E+00    0.92585808E+00   -0.17105726E+01
    0.94968968E+00   -0.24402860E+01    0.11831894E+01   -0.28128219E+01
    0.17753772E+01   -0.30222237E+01    0.24973709E+01   -0.33688992E+01
    0.32604979E+01   -0.39024665E+01    0.40326824E+01   -0.45026390E+01
    0.45770590E+01   -0.44937351E+01    0.35720352E+01   -0.18255060E+01
       1       3
       4       1       2       6       1
   -0.45392639E+00    0.22881684E+01   -0.37367782E+01    0.32440543E+01
   -0.53046876E+01    0.35681607E+01   -0.63846942E+01    0.46007703E+01
   -0.71685759E+01    0.61928189E+01   -0.81372409E+01    0.79820247E+01
   -0.94956294E+01    0.99201569E+01   -0.11192068E+02    0.11789716E+02
   -0.12451220E+02    0.11879189E+02   -0.96199223E+01    0.47442898E+01
NUM_POTENTIAL_TYPES
2    
POTENTIAL_TYPE_ID__SEQUENTIAL_NUMBER
1     1     1         1
POTENTIAL_TYPE_LABEL
b1_1
NUCLEAR_CHARGE__ALPHA
5.000000 20.000000
COVALENT_RADIUS
1.000000
NUM_ALPHAS
16
ALPHAS
3.000000e-01 1.000000e+06
POTENTIAL_TYPE_ID__SEQUENTIAL_NUMBER
2     1     1         2
POTENTIAL_TYPE_LABEL
n1_1
NUCLEAR_CHARGE__ALPHA
7.000000 20.000000
COVALENT_RADIUS
1.000000
NUM_ALPHAS
16
ALPHAS
2.500000e-01 1.000000e+06
PRINT_XC_MESH
0
NUM_ANGULAR_SAMPLE_VECTORS
100
WTIN_WTOUT
0.5 0.5
RADIAL_SAMPLE-IN_OUT_SPACING
0.1 3.5 0.8
SHARED_INPUT_DATA
BASISFUNCTION_AND_ELECTROSTATIC_CUTOFFS
    1.00000000E-16    1.00000000E-16
NUM_STATES_TO_USE
64 128 160
NUM_ELECTRONS
64
THERMAL_SMEARING_SIGMA__SIGMA_CUTOFF
0 11.5
FERMI_LEVEL_SEARCH_LIMIT
13.6
MAIN_INPUT_DATA
LAST_ITERATION
50
CONVERGENCE_TEST
0.0001
XC_CODE
100
FEEDBACK_LEVEL
2
RELAXATION_FACTOR
0.2
EACH_ITER_FLAGS__TDOS
0
PLUSUJ_FORM__NUM_ITEMS
0 0      ! 0,1,2: elements, types, atoms; num items
ID__U__J
NUM_SPLIT_TYPES__DEFAULT_SPLIT
0 0.01
TYPE_ID__SPIN_SPLIT_FACTOR
DOS_INPUT_DATA
0.01 0.1               ! DOS Delta Energy, DOS sigma broadening (FWHM)
-30 30                 ! DOS EMIN and EMAX
0 ! PDOS ctrl flag: 0 t; 1 a total; 2 a nl; 3 a nlm
BOND_INPUT_DATA
3.5                     ! MAXIMUM BOND LENGTH
0.01 0.1               ! BOND Delta Energy, BOND sigma broadening
-30 30                  ! BOND EMIN and EMAX
0        ! Flag for BONDQ output style 0=new a; 1=old t
0                         ! Flag for 3C-BOND
20                     ! Max # neighbor atoms
SYBD_INPUT_DATA
7,300,0                  ! IF IFSYK=1, READ: # SYMMETRY K,# K GENERATED,IFCAR
0.0 0.0 0.0                   ! GAMMA
0.5 0.0 0.5                   ! X=(0.0,1.0,0.0)*2*PI/A
0.5 0.25 0.75                 ! W=(0.25,1.0,0.0)*2*PI/A
0.5 0.5 0.5                   ! L=(0.5,0.5,0.5)*2*PI/A
0.0 0.0 0.0                   ! GAMMA
0.375 0.375 0.75              ! K=(0.75,0.75,0.0)*2*PI/A
0.5 0.5 1.0                   ! X'=(1.0,1.0,0.0)*2*PI/A
PACS_INPUT_DATA
0                       ! Excited atom number
0.01 0.5               ! PACS delta Energy, PACS sigma factor
5 50               ! Energy slack before onset, energy window
0                    ! Number of possible core orbitals to excite
OPTC_INPUT_DATA
45                    ! OPTC energy cutoff
100                     ! OPTC energy trans
0.01                     ! OPTC delta energy
0.1                      ! OPTC broadening
SIGE_INPUT_DATA
5                    ! SIGE energy cutoff
0.3                     ! SIGE energy trans
0.001                     ! SIGE delta energy
0.1                      ! SIGE broadening
WAVE_INPUT_DATA
10 10 10                      ! a,b,c # of mesh points
-100000.0 100000.0            ! min,max range of energy
0                             ! 0=Psi^2; 1=Rho
1                             ! 1=3D+1D; 2=3D; 3=1D.
END_OF_DATA
