0.0 0.0 0.0 70.0 70.0 70.0
10 0.8 0 0 0.3
     10.23192196      0.00000000      0.00000000
      0.00000000     10.23192196      0.00000000
      0.00000000      0.00000000     10.23192196
8
    1     1         0.00000000         0.00000000         0.00000000 zn
    2     1         0.00000000         5.11596098         5.11596098 zn
    3     1         5.11596098         0.00000000         5.11596098 zn
    4     1         5.11596098         5.11596098         0.00000000 zn
    5     2         2.55798049         2.55798049         2.55798049  s
    6     2         2.55798049         7.67394147         7.67394147  s
    7     2         7.67394147         2.55798049         7.67394147  s
    8     2         7.67394147         7.67394147         2.55798049  s
