0.0 0.0 0.0 100.0 100.0 100.0
10 0.8 0 0 0.3
     17.66421364      0.00000000      0.00000000
      0.00000000     30.59531376      0.00000000
      0.00000000      0.00000000     12.97221300
84
    1     1        17.66421364        10.19842772         0.01426943 ca
    2     1         8.83210682        25.49608460         0.01426943 ca
    3     1         8.83210682         5.09922916         6.50037593 ca
    4     1         0.00000000        20.39688604         6.50037593 ca
    5     1         8.83210682         5.09922916        12.95794356 ca
    6     1         0.00000000        20.39688604        12.95794356 ca
    7     1        17.66421364        10.19842772         6.47183706 ca
    8     1         8.83210682        25.49608460         6.47183706 ca
    9     2        13.15453990        15.12326359         3.24305325 ca
   10     2         4.32243308        30.42092047         3.24305325 ca
   11     2        13.34178057         0.17439329         9.72915975 ca
   12     2         4.50967374        15.47205017         9.72915975 ca
   13     2        15.65402613         3.83053328         3.24305325 ca
   14     2         6.82191931        19.12819016         3.24305325 ca
   15     2         6.51986126        11.64151689         3.24305325 ca
   16     2        15.35196808        26.93917377         3.24305325 ca
   17     2         2.31224557         3.65613999         9.72915975 ca
   18     2        11.14435239        18.95379688         9.72915975 ca
   19     2        10.84229434        11.46712360         9.72915975 ca
   20     2         2.01018751        26.76478048         9.72915975 ca
   21     3         3.73421476         5.66013305         3.24305325  p
   22     3        12.56632159        20.95778993         3.24305325  p
   23     3         5.09789206         9.63752384         9.72915975  p
   24     3        13.92999888        24.93518072         9.72915975  p
   25     3        10.89528698         0.40385814         3.24305325  p
   26     3         2.06318015        15.70151502         3.24305325  p
   27     3        11.86681873         9.23366569         3.24305325  p
   28     3         3.03471190        24.53132258         3.24305325  p
   29     3        14.62950174         6.06399119         9.72915975  p
   30     3         5.79739492        21.36164807         9.72915975  p
   31     3        15.60103349        14.89379874         9.72915975  p
   32     3         6.76892667        30.19145562         9.72915975  p
   33     4         1.47142900         7.42242312         3.24305325  o
   34     4        10.30353582        22.72008000         3.24305325  o
   35     4         7.36067783         7.87523376         9.72915975  o
   36     4        16.19278465        23.17289064         9.72915975  o
   37     4         1.66838498        12.86074014         3.24305325  o
   38     4        10.50049180        28.15839702         3.24305325  o
   39     4        14.52439967        10.31215050         3.24305325  o
   40     4         5.69229285        25.60980739         3.24305325  o
   41     4        11.97192080         4.98550638         9.72915975  o
   42     4         3.13981398        20.28316326         9.72915975  o
   43     4         7.16372184         2.43691674         9.72915975  o
   44     4        15.99582867        17.73457362         9.72915975  o
   45     5         6.29110969         7.18224991         3.24305325  o
   46     5        15.12321651        22.47990679         3.24305325  o
   47     5         2.54099713         8.11540698         9.72915975  o
   48     5        11.37310396        23.41306386         9.72915975  o
   49     5         8.29864757         1.85713555         3.24305325  o
   50     5        17.13075439        17.15479243         3.24305325  o
   51     5        11.90656321         6.25827143         3.24305325  o
   52     5         3.07445638        21.55592831         3.24305325  o
   53     5        14.58975726         9.03938545         9.72915975  o
   54     5         5.75765044        24.33704233         9.72915975  o
   55     5         0.53345925        13.44052134         9.72915975  o
   56     5         9.36556607        28.73817822         9.72915975  o
   57     6         3.71655055         3.90396204         0.91713546  o
   58     6        12.54865737        19.20161892         0.91713546  o
   59     6         5.11555627        11.39369485         7.40324196  o
   60     6        13.94766309        26.69135173         7.40324196  o
   61     6        12.42500788         1.26664599         0.91713546  o
   62     6         3.59290106        16.56430287         0.91713546  o
   63     6        10.35476204        10.12704886         0.91713546  o
   64     6         1.52265522        25.42470574         0.91713546  o
   65     6        16.14155843         5.17060803         7.40324196  o
   66     6         7.30945161        20.46826491         7.40324196  o
   67     6        14.07131259        14.03101089         7.40324196  o
   68     6         5.23920577        29.32866777         7.40324196  o
   69     6         5.11555627        11.39369485        12.05507754  o
   70     6        13.94766309        26.69135173        12.05507754  o
   71     6         3.71655055         3.90396204         5.56897104  o
   72     6        12.54865737        19.20161892         5.56897104  o
   73     6        14.07131259        14.03101089        12.05507754  o
   74     6         5.23920577        29.32866777        12.05507754  o
   75     6        16.14155843         5.17060803        12.05507754  o
   76     6         7.30945161        20.46826491        12.05507754  o
   77     6        10.35476204        10.12704886         5.56897104  o
   78     6         1.52265522        25.42470574         5.56897104  o
   79     6        12.42500788         1.26664599         5.56897104  o
   80     6         3.59290106        16.56430287         5.56897104  o
   81     7         0.00000000         0.00000000         3.24305325  f
   82     7         8.83210682        15.29765688         3.24305325  f
   83     7         0.00000000         0.00000000         9.72915975  f
   84     7         8.83210682        15.29765688         9.72915975  f
