0.0 0.0 0.0 70.0 70.0 70.0
13 0.8 0 0 0.3
     10.26253553      0.00000000      0.00000000
      0.00000000     10.26253553      0.00000000
      0.00000000      0.00000000     10.26253553
8
    1     1       0.00000000         0.00000000         0.00000000 si
    2     1       2.56563388         2.56563388         2.56563388 si
    3     1       0.00000000         5.13126776         5.13126776 si
    4     1       2.56563388         7.69690165         7.69690165 si
    5     1       5.13126776         0.00000000         5.13126776 si
    6     1       7.69690165         2.56563388         7.69690165 si
    7     1       5.13126776         5.13126776         0.00000000 si
    8     1       7.69690165         7.69690165         2.56563388 si
