 1163    -0.2406160     0.4765063    -0.7398979     0.4093859     0.7462125    -0.3764974    -0.5490143     0.7462125     0.5490143     0.3764974
 1703     0.4142349     0.5781158     0.6378366    -0.2955606     0.1866920    -0.8559902    -0.4821067     0.8559902     0.4821067     0.1866920
 1433     0.4765616     0.2142062     0.5545509     0.6476712     0.8060257     0.5141685     0.2931780     0.8060257     0.5141685     0.2931780
 1479     0.8678834     0.4322569     0.1567182    -0.1880741     0.1094335    -0.8092464     0.5771868     0.8092464     0.5771868     0.1094335
 2661     0.6334709     0.2382547    -0.5822636    -0.4504646    -0.9523448     0.2227234     0.2084076     0.9523448     0.2227234     0.2084076
 1703     0.0214492    -0.1722973    -0.9469315     0.2705077    -0.1338374    -0.5049132    -0.8527310     0.8527310     0.5049132     0.1338374
 1959    -0.4054593     0.2958393    -0.6959260     0.5135843     0.8682162    -0.4749317    -0.1436678     0.8682162     0.4749317     0.1436678
 1193     0.5437661     0.3693122     0.2362838    -0.7156095    -0.2716004    -0.7398127     0.6155570     0.7398127     0.6155570     0.2716004
 1718    -0.2095957     0.4636347     0.5561972    -0.6570823    -0.8424454    -0.5365831    -0.0486250     0.8424454     0.5365831     0.0486250
  366     0.3990912     0.8428711    -0.3155068    -0.1753565    -0.5474379    -0.5621126    -0.6199526     0.6199526     0.5621126     0.5474379
 1463    -0.0810977    -0.8282635    -0.3234269    -0.4503307     0.7984433     0.1569575    -0.5812509     0.7984433     0.5812509     0.1569575
  637    -0.8223390    -0.3965888     0.2257763     0.3398543    -0.6408942    -0.4987987     0.5834847     0.6408942     0.5834847     0.4987987
 2421     0.4460727     0.4253272    -0.6835998    -0.3909056    -0.9423961     0.1549923    -0.2964238     0.9423961     0.2964238     0.1549923
 1463    -0.5324566    -0.6474019    -0.0858491    -0.5385079     0.7886839    -0.5969659     0.1470014     0.7886839     0.5969659     0.1470014
 1194    -0.1575298    -0.3504710    -0.0976164     0.9180553    -0.6127485    -0.2896537     0.7352823     0.7352823     0.6127485     0.2896537
 1193    -0.1746321    -0.0699032     0.8931912    -0.4084441    -0.2548565    -0.7540521    -0.6053541     0.7540521     0.6053541     0.2548565
  652    -0.5217252    -0.0153088    -0.4423444     0.7293147     0.4392346    -0.6611905     0.6081941     0.6611905     0.6081941     0.4392346
 1449     0.8798986    -0.1786071     0.4382906    -0.0421808     0.7863702     0.2773374     0.5520017     0.7863702     0.5520017     0.2773374
 2182    -0.9668047     0.1764889     0.1279520     0.1332990    -0.2003576     0.3753723     0.9049599     0.9049599     0.3753723     0.2003576
 1193     0.9254193     0.3374970    -0.0900920    -0.1468956    -0.2658994    -0.5981843     0.7559584     0.7559584     0.5981843     0.2658994
 1193     0.7263709    -0.0924788     0.3297340    -0.5959098     0.5892364    -0.2586356     0.7654463     0.7654463     0.5892364     0.2586356
 1238    -0.0072652    -0.5592650    -0.4500064     0.6961782    -0.7721575    -0.6346956    -0.0305662     0.7721575     0.6346956     0.0305662
 1702     0.0138067     0.3290929     0.5842352     0.7417389     0.5043347     0.8576125     0.1007343     0.8576125     0.5043347     0.1007343
