  -1.9465470500  -29.8393643787  -65.3745707870
 -44.8546462227  -16.5212261444   -7.0226739207
  -0.6799072400  -26.2621926749  -62.9170575598
  -5.8824093081  -68.0788555648  -68.2532918081
 -31.7225800315  -69.6506883763  -58.1477532769
 -11.0067345854  -13.1720698252  -30.6601271313
 -64.1459738789  -35.5303372396  -41.2644581031
  -9.4974742318  -11.7236261629   -2.5772566767
  -3.4334589960  -65.8854183787  -29.8482200736
 -66.6112583550  -24.5233730786  -43.6950996006
  -1.9465470500  -29.8393643787    4.6254292130
 -44.8546462227  -16.5212261444   62.9773260793
  -0.6799072400  -26.2621926749    7.0829424402
  -5.8824093081  -68.0788555648    1.7467081919
 -31.7225800315  -69.6506883763   11.8522467231
 -11.0067345854  -13.1720698252   39.3398728687
 -64.1459738789  -35.5303372396   28.7355418969
  -9.4974742318  -11.7236261629   67.4227433233
  -3.4334589960  -65.8854183787   40.1517799264
 -66.6112583550  -24.5233730786   26.3049003994
  -1.9465470500  -29.8393643787   74.6254292130
 -44.8546462227  -16.5212261444  132.9773260793
  -0.6799072400  -26.2621926749   77.0829424402
  -5.8824093081  -68.0788555648   71.7467081919
 -31.7225800315  -69.6506883763   81.8522467231
 -11.0067345854  -13.1720698252  109.3398728687
 -64.1459738789  -35.5303372396   98.7355418969
  -9.4974742318  -11.7236261629  137.4227433233
  -3.4334589960  -65.8854183787  110.1517799264
 -66.6112583550  -24.5233730786   96.3049003994
  -1.9465470500   40.1606356213  -65.3745707870
 -44.8546462227   53.4787738556   -7.0226739207
  -0.6799072400   43.7378073251  -62.9170575598
  -5.8824093081    1.9211444352  -68.2532918081
 -31.7225800315    0.3493116237  -58.1477532769
 -11.0067345854   56.8279301748  -30.6601271313
 -64.1459738789   34.4696627604  -41.2644581031
  -9.4974742318   58.2763738371   -2.5772566767
  -3.4334589960    4.1145816213  -29.8482200736
 -66.6112583550   45.4766269214  -43.6950996006
  -1.9465470500   40.1606356213    4.6254292130
 -44.8546462227   53.4787738556   62.9773260793
  -0.6799072400   43.7378073251    7.0829424402
  -5.8824093081    1.9211444352    1.7467081919
 -31.7225800315    0.3493116237   11.8522467231
 -11.0067345854   56.8279301748   39.3398728687
 -64.1459738789   34.4696627604   28.7355418969
  -9.4974742318   58.2763738371   67.4227433233
  -3.4334589960    4.1145816213   40.1517799264
 -66.6112583550   45.4766269214   26.3049003994
  -1.9465470500   40.1606356213   74.6254292130
 -44.8546462227   53.4787738556  132.9773260793
  -0.6799072400   43.7378073251   77.0829424402
  -5.8824093081    1.9211444352   71.7467081919
 -31.7225800315    0.3493116237   81.8522467231
 -11.0067345854   56.8279301748  109.3398728687
 -64.1459738789   34.4696627604   98.7355418969
  -9.4974742318   58.2763738371  137.4227433233
  -3.4334589960    4.1145816213  110.1517799264
 -66.6112583550   45.4766269214   96.3049003994
  -1.9465470500  110.1606356213  -65.3745707870
 -44.8546462227  123.4787738556   -7.0226739207
  -0.6799072400  113.7378073251  -62.9170575598
  -5.8824093081   71.9211444352  -68.2532918081
 -31.7225800315   70.3493116237  -58.1477532769
 -11.0067345854  126.8279301748  -30.6601271313
 -64.1459738789  104.4696627604  -41.2644581031
  -9.4974742318  128.2763738371   -2.5772566767
  -3.4334589960   74.1145816213  -29.8482200736
 -66.6112583550  115.4766269214  -43.6950996006
  -1.9465470500  110.1606356213    4.6254292130
 -44.8546462227  123.4787738556   62.9773260793
  -0.6799072400  113.7378073251    7.0829424402
  -5.8824093081   71.9211444352    1.7467081919
 -31.7225800315   70.3493116237   11.8522467231
 -11.0067345854  126.8279301748   39.3398728687
 -64.1459738789  104.4696627604   28.7355418969
  -9.4974742318  128.2763738371   67.4227433233
  -3.4334589960   74.1145816213   40.1517799264
 -66.6112583550  115.4766269214   26.3049003994
  -1.9465470500  110.1606356213   74.6254292130
 -44.8546462227  123.4787738556  132.9773260793
  -0.6799072400  113.7378073251   77.0829424402
  -5.8824093081   71.9211444352   71.7467081919
 -31.7225800315   70.3493116237   81.8522467231
 -11.0067345854  126.8279301748  109.3398728687
 -64.1459738789  104.4696627604   98.7355418969
  -9.4974742318  128.2763738371  137.4227433233
  -3.4334589960   74.1145816213  110.1517799264
 -66.6112583550  115.4766269214   96.3049003994
  68.0534529500  -29.8393643787  -65.3745707870
  25.1453537773  -16.5212261444   -7.0226739207
  69.3200927600  -26.2621926749  -62.9170575598
  64.1175906919  -68.0788555648  -68.2532918081
  38.2774199685  -69.6506883763  -58.1477532769
  58.9932654146  -13.1720698252  -30.6601271313
   5.8540261211  -35.5303372396  -41.2644581031
  60.5025257682  -11.7236261629   -2.5772566767
  66.5665410040  -65.8854183787  -29.8482200736
   3.3887416450  -24.5233730786  -43.6950996006
  68.0534529500  -29.8393643787    4.6254292130
  25.1453537773  -16.5212261444   62.9773260793
  69.3200927600  -26.2621926749    7.0829424402
  64.1175906919  -68.0788555648    1.7467081919
  38.2774199685  -69.6506883763   11.8522467231
  58.9932654146  -13.1720698252   39.3398728687
   5.8540261211  -35.5303372396   28.7355418969
  60.5025257682  -11.7236261629   67.4227433233
  66.5665410040  -65.8854183787   40.1517799264
   3.3887416450  -24.5233730786   26.3049003994
  68.0534529500  -29.8393643787   74.6254292130
  25.1453537773  -16.5212261444  132.9773260793
  69.3200927600  -26.2621926749   77.0829424402
  64.1175906919  -68.0788555648   71.7467081919
  38.2774199685  -69.6506883763   81.8522467231
  58.9932654146  -13.1720698252  109.3398728687
   5.8540261211  -35.5303372396   98.7355418969
  60.5025257682  -11.7236261629  137.4227433233
  66.5665410040  -65.8854183787  110.1517799264
   3.3887416450  -24.5233730786   96.3049003994
  68.0534529500   40.1606356213  -65.3745707870
  25.1453537773   53.4787738556   -7.0226739207
  69.3200927600   43.7378073251  -62.9170575598
  64.1175906919    1.9211444352  -68.2532918081
  38.2774199685    0.3493116237  -58.1477532769
  58.9932654146   56.8279301748  -30.6601271313
   5.8540261211   34.4696627604  -41.2644581031
  60.5025257682   58.2763738371   -2.5772566767
  66.5665410040    4.1145816213  -29.8482200736
   3.3887416450   45.4766269214  -43.6950996006
  68.0534529500   40.1606356213    4.6254292130
  25.1453537773   53.4787738556   62.9773260793
  69.3200927600   43.7378073251    7.0829424402
  64.1175906919    1.9211444352    1.7467081919
  38.2774199685    0.3493116237   11.8522467231
  58.9932654146   56.8279301748   39.3398728687
   5.8540261211   34.4696627604   28.7355418969
  60.5025257682   58.2763738371   67.4227433233
  66.5665410040    4.1145816213   40.1517799264
   3.3887416450   45.4766269214   26.3049003994
  68.0534529500   40.1606356213   74.6254292130
  25.1453537773   53.4787738556  132.9773260793
  69.3200927600   43.7378073251   77.0829424402
  64.1175906919    1.9211444352   71.7467081919
  38.2774199685    0.3493116237   81.8522467231
  58.9932654146   56.8279301748  109.3398728687
   5.8540261211   34.4696627604   98.7355418969
  60.5025257682   58.2763738371  137.4227433233
  66.5665410040    4.1145816213  110.1517799264
   3.3887416450   45.4766269214   96.3049003994
  68.0534529500  110.1606356213  -65.3745707870
  25.1453537773  123.4787738556   -7.0226739207
  69.3200927600  113.7378073251  -62.9170575598
  64.1175906919   71.9211444352  -68.2532918081
  38.2774199685   70.3493116237  -58.1477532769
  58.9932654146  126.8279301748  -30.6601271313
   5.8540261211  104.4696627604  -41.2644581031
  60.5025257682  128.2763738371   -2.5772566767
  66.5665410040   74.1145816213  -29.8482200736
   3.3887416450  115.4766269214  -43.6950996006
  68.0534529500  110.1606356213    4.6254292130
  25.1453537773  123.4787738556   62.9773260793
  69.3200927600  113.7378073251    7.0829424402
  64.1175906919   71.9211444352    1.7467081919
  38.2774199685   70.3493116237   11.8522467231
  58.9932654146  126.8279301748   39.3398728687
   5.8540261211  104.4696627604   28.7355418969
  60.5025257682  128.2763738371   67.4227433233
  66.5665410040   74.1145816213   40.1517799264
   3.3887416450  115.4766269214   26.3049003994
  68.0534529500  110.1606356213   74.6254292130
  25.1453537773  123.4787738556  132.9773260793
  69.3200927600  113.7378073251   77.0829424402
  64.1175906919   71.9211444352   71.7467081919
  38.2774199685   70.3493116237   81.8522467231
  58.9932654146  126.8279301748  109.3398728687
   5.8540261211  104.4696627604   98.7355418969
  60.5025257682  128.2763738371  137.4227433233
  66.5665410040   74.1145816213  110.1517799264
   3.3887416450  115.4766269214   96.3049003994
 138.0534529500  -29.8393643787  -65.3745707870
  95.1453537773  -16.5212261444   -7.0226739207
 139.3200927600  -26.2621926749  -62.9170575598
 134.1175906919  -68.0788555648  -68.2532918081
 108.2774199685  -69.6506883763  -58.1477532769
 128.9932654146  -13.1720698252  -30.6601271313
  75.8540261211  -35.5303372396  -41.2644581031
 130.5025257682  -11.7236261629   -2.5772566767
 136.5665410040  -65.8854183787  -29.8482200736
  73.3887416450  -24.5233730786  -43.6950996006
 138.0534529500  -29.8393643787    4.6254292130
  95.1453537773  -16.5212261444   62.9773260793
 139.3200927600  -26.2621926749    7.0829424402
 134.1175906919  -68.0788555648    1.7467081919
 108.2774199685  -69.6506883763   11.8522467231
 128.9932654146  -13.1720698252   39.3398728687
  75.8540261211  -35.5303372396   28.7355418969
 130.5025257682  -11.7236261629   67.4227433233
 136.5665410040  -65.8854183787   40.1517799264
  73.3887416450  -24.5233730786   26.3049003994
 138.0534529500  -29.8393643787   74.6254292130
  95.1453537773  -16.5212261444  132.9773260793
 139.3200927600  -26.2621926749   77.0829424402
 134.1175906919  -68.0788555648   71.7467081919
 108.2774199685  -69.6506883763   81.8522467231
 128.9932654146  -13.1720698252  109.3398728687
  75.8540261211  -35.5303372396   98.7355418969
 130.5025257682  -11.7236261629  137.4227433233
 136.5665410040  -65.8854183787  110.1517799264
  73.3887416450  -24.5233730786   96.3049003994
 138.0534529500   40.1606356213  -65.3745707870
  95.1453537773   53.4787738556   -7.0226739207
 139.3200927600   43.7378073251  -62.9170575598
 134.1175906919    1.9211444352  -68.2532918081
 108.2774199685    0.3493116237  -58.1477532769
 128.9932654146   56.8279301748  -30.6601271313
  75.8540261211   34.4696627604  -41.2644581031
 130.5025257682   58.2763738371   -2.5772566767
 136.5665410040    4.1145816213  -29.8482200736
  73.3887416450   45.4766269214  -43.6950996006
 138.0534529500   40.1606356213    4.6254292130
  95.1453537773   53.4787738556   62.9773260793
 139.3200927600   43.7378073251    7.0829424402
 134.1175906919    1.9211444352    1.7467081919
 108.2774199685    0.3493116237   11.8522467231
 128.9932654146   56.8279301748   39.3398728687
  75.8540261211   34.4696627604   28.7355418969
 130.5025257682   58.2763738371   67.4227433233
 136.5665410040    4.1145816213   40.1517799264
  73.3887416450   45.4766269214   26.3049003994
 138.0534529500   40.1606356213   74.6254292130
  95.1453537773   53.4787738556  132.9773260793
 139.3200927600   43.7378073251   77.0829424402
 134.1175906919    1.9211444352   71.7467081919
 108.2774199685    0.3493116237   81.8522467231
 128.9932654146   56.8279301748  109.3398728687
  75.8540261211   34.4696627604   98.7355418969
 130.5025257682   58.2763738371  137.4227433233
 136.5665410040    4.1145816213  110.1517799264
  73.3887416450   45.4766269214   96.3049003994
 138.0534529500  110.1606356213  -65.3745707870
  95.1453537773  123.4787738556   -7.0226739207
 139.3200927600  113.7378073251  -62.9170575598
 134.1175906919   71.9211444352  -68.2532918081
 108.2774199685   70.3493116237  -58.1477532769
 128.9932654146  126.8279301748  -30.6601271313
  75.8540261211  104.4696627604  -41.2644581031
 130.5025257682  128.2763738371   -2.5772566767
 136.5665410040   74.1145816213  -29.8482200736
  73.3887416450  115.4766269214  -43.6950996006
 138.0534529500  110.1606356213    4.6254292130
  95.1453537773  123.4787738556   62.9773260793
 139.3200927600  113.7378073251    7.0829424402
 134.1175906919   71.9211444352    1.7467081919
 108.2774199685   70.3493116237   11.8522467231
 128.9932654146  126.8279301748   39.3398728687
  75.8540261211  104.4696627604   28.7355418969
 130.5025257682  128.2763738371   67.4227433233
 136.5665410040   74.1145816213   40.1517799264
  73.3887416450  115.4766269214   26.3049003994
 138.0534529500  110.1606356213   74.6254292130
  95.1453537773  123.4787738556  132.9773260793
 139.3200927600  113.7378073251   77.0829424402
 134.1175906919   71.9211444352   71.7467081919
 108.2774199685   70.3493116237   81.8522467231
 128.9932654146  126.8279301748  109.3398728687
  75.8540261211  104.4696627604   98.7355418969
 130.5025257682  128.2763738371  137.4227433233
 136.5665410040   74.1145816213  110.1517799264
  73.3887416450  115.4766269214   96.3049003994
