3
270
 -97.2922886722  -93.5402790084  -10.0665229838
 -63.7680228800   -9.9131196272  -67.7008663770
 -50.8347132243  -92.9694523569  -97.2744068597
 -20.0189853553   -0.9947909042  -24.4216333609
 -21.8245386612   -6.3023006078  -47.4864550866
 -55.4503422230   -0.1055764966  -86.8347996846
 -47.8052850813  -32.2059640195  -14.0672943555
 -77.6842346415  -32.3810197413  -79.2542278301
 -83.1470528618  -28.7173596676  -61.6606956348
 -99.0398139227  -96.8161772005  -62.3087521642
 -97.2922886722  -93.5402790084   89.9334770162
 -63.7680228800   -9.9131196272   32.2991336230
 -50.8347132243  -92.9694523569    2.7255931403
 -20.0189853553   -0.9947909042   75.5783666391
 -21.8245386612   -6.3023006078   52.5135449134
 -55.4503422230   -0.1055764966   13.1652003154
 -47.8052850813  -32.2059640195   85.9327056445
 -77.6842346415  -32.3810197413   20.7457721699
 -83.1470528618  -28.7173596676   38.3393043652
 -99.0398139227  -96.8161772005   37.6912478358
 -97.2922886722  -93.5402790084  189.9334770162
 -63.7680228800   -9.9131196272  132.2991336230
 -50.8347132243  -92.9694523569  102.7255931403
 -20.0189853553   -0.9947909042  175.5783666391
 -21.8245386612   -6.3023006078  152.5135449134
 -55.4503422230   -0.1055764966  113.1652003154
 -47.8052850813  -32.2059640195  185.9327056445
 -77.6842346415  -32.3810197413  120.7457721699
 -83.1470528618  -28.7173596676  138.3393043652
 -99.0398139227  -96.8161772005  137.6912478358
 -97.2922886722    6.4597209916  -10.0665229838
 -63.7680228800   90.0868803728  -67.7008663770
 -50.8347132243    7.0305476431  -97.2744068597
 -20.0189853553   99.0052090958  -24.4216333609
 -21.8245386612   93.6976993922  -47.4864550866
 -55.4503422230   99.8944235034  -86.8347996846
 -47.8052850813   67.7940359805  -14.0672943555
 -77.6842346415   67.6189802587  -79.2542278301
 -83.1470528618   71.2826403324  -61.6606956348
 -99.0398139227    3.1838227995  -62.3087521642
 -97.2922886722    6.4597209916   89.9334770162
 -63.7680228800   90.0868803728   32.2991336230
 -50.8347132243    7.0305476431    2.7255931403
 -20.0189853553   99.0052090958   75.5783666391
 -21.8245386612   93.6976993922   52.5135449134
 -55.4503422230   99.8944235034   13.1652003154
 -47.8052850813   67.7940359805   85.9327056445
 -77.6842346415   67.6189802587   20.7457721699
 -83.1470528618   71.2826403324   38.3393043652
 -99.0398139227    3.1838227995   37.6912478358
 -97.2922886722    6.4597209916  189.9334770162
 -63.7680228800   90.0868803728  132.2991336230
 -50.8347132243    7.0305476431  102.7255931403
 -20.0189853553   99.0052090958  175.5783666391
 -21.8245386612   93.6976993922  152.5135449134
 -55.4503422230   99.8944235034  113.1652003154
 -47.8052850813   67.7940359805  185.9327056445
 -77.6842346415   67.6189802587  120.7457721699
 -83.1470528618   71.2826403324  138.3393043652
 -99.0398139227    3.1838227995  137.6912478358
 -97.2922886722  106.4597209916  -10.0665229838
 -63.7680228800  190.0868803728  -67.7008663770
 -50.8347132243  107.0305476431  -97.2744068597
 -20.0189853553  199.0052090958  -24.4216333609
 -21.8245386612  193.6976993922  -47.4864550866
 -55.4503422230  199.8944235034  -86.8347996846
 -47.8052850813  167.7940359805  -14.0672943555
 -77.6842346415  167.6189802587  -79.2542278301
 -83.1470528618  171.2826403324  -61.6606956348
 -99.0398139227  103.1838227995  -62.3087521642
 -97.2922886722  106.4597209916   89.9334770162
 -63.7680228800  190.0868803728   32.2991336230
 -50.8347132243  107.0305476431    2.7255931403
 -20.0189853553  199.0052090958   75.5783666391
 -21.8245386612  193.6976993922   52.5135449134
 -55.4503422230  199.8944235034   13.1652003154
 -47.8052850813  167.7940359805   85.9327056445
 -77.6842346415  167.6189802587   20.7457721699
 -83.1470528618  171.2826403324   38.3393043652
 -99.0398139227  103.1838227995   37.6912478358
 -97.2922886722  106.4597209916  189.9334770162
 -63.7680228800  190.0868803728  132.2991336230
 -50.8347132243  107.0305476431  102.7255931403
 -20.0189853553  199.0052090958  175.5783666391
 -21.8245386612  193.6976993922  152.5135449134
 -55.4503422230  199.8944235034  113.1652003154
 -47.8052850813  167.7940359805  185.9327056445
 -77.6842346415  167.6189802587  120.7457721699
 -83.1470528618  171.2826403324  138.3393043652
 -99.0398139227  103.1838227995  137.6912478358
   2.7077113278  -93.5402790084  -10.0665229838
  36.2319771200   -9.9131196272  -67.7008663770
  49.1652867757  -92.9694523569  -97.2744068597
  79.9810146447   -0.9947909042  -24.4216333609
  78.1754613388   -6.3023006078  -47.4864550866
  44.5496577770   -0.1055764966  -86.8347996846
  52.1947149187  -32.2059640195  -14.0672943555
  22.3157653585  -32.3810197413  -79.2542278301
  16.8529471382  -28.7173596676  -61.6606956348
   0.9601860773  -96.8161772005  -62.3087521642
   2.7077113278  -93.5402790084   89.9334770162
  36.2319771200   -9.9131196272   32.2991336230
  49.1652867757  -92.9694523569    2.7255931403
  79.9810146447   -0.9947909042   75.5783666391
  78.1754613388   -6.3023006078   52.5135449134
  44.5496577770   -0.1055764966   13.1652003154
  52.1947149187  -32.2059640195   85.9327056445
  22.3157653585  -32.3810197413   20.7457721699
  16.8529471382  -28.7173596676   38.3393043652
   0.9601860773  -96.8161772005   37.6912478358
   2.7077113278  -93.5402790084  189.9334770162
  36.2319771200   -9.9131196272  132.2991336230
  49.1652867757  -92.9694523569  102.7255931403
  79.9810146447   -0.9947909042  175.5783666391
  78.1754613388   -6.3023006078  152.5135449134
  44.5496577770   -0.1055764966  113.1652003154
  52.1947149187  -32.2059640195  185.9327056445
  22.3157653585  -32.3810197413  120.7457721699
  16.8529471382  -28.7173596676  138.3393043652
   0.9601860773  -96.8161772005  137.6912478358
   2.7077113278    6.4597209916  -10.0665229838
  36.2319771200   90.0868803728  -67.7008663770
  49.1652867757    7.0305476431  -97.2744068597
  79.9810146447   99.0052090958  -24.4216333609
  78.1754613388   93.6976993922  -47.4864550866
  44.5496577770   99.8944235034  -86.8347996846
  52.1947149187   67.7940359805  -14.0672943555
  22.3157653585   67.6189802587  -79.2542278301
  16.8529471382   71.2826403324  -61.6606956348
   0.9601860773    3.1838227995  -62.3087521642
   2.7077113278    6.4597209916   89.9334770162
  36.2319771200   90.0868803728   32.2991336230
  49.1652867757    7.0305476431    2.7255931403
  79.9810146447   99.0052090958   75.5783666391
  78.1754613388   93.6976993922   52.5135449134
  44.5496577770   99.8944235034   13.1652003154
  52.1947149187   67.7940359805   85.9327056445
  22.3157653585   67.6189802587   20.7457721699
  16.8529471382   71.2826403324   38.3393043652
   0.9601860773    3.1838227995   37.6912478358
   2.7077113278    6.4597209916  189.9334770162
  36.2319771200   90.0868803728  132.2991336230
  49.1652867757    7.0305476431  102.7255931403
  79.9810146447   99.0052090958  175.5783666391
  78.1754613388   93.6976993922  152.5135449134
  44.5496577770   99.8944235034  113.1652003154
  52.1947149187   67.7940359805  185.9327056445
  22.3157653585   67.6189802587  120.7457721699
  16.8529471382   71.2826403324  138.3393043652
   0.9601860773    3.1838227995  137.6912478358
   2.7077113278  106.4597209916  -10.0665229838
  36.2319771200  190.0868803728  -67.7008663770
  49.1652867757  107.0305476431  -97.2744068597
  79.9810146447  199.0052090958  -24.4216333609
  78.1754613388  193.6976993922  -47.4864550866
  44.5496577770  199.8944235034  -86.8347996846
  52.1947149187  167.7940359805  -14.0672943555
  22.3157653585  167.6189802587  -79.2542278301
  16.8529471382  171.2826403324  -61.6606956348
   0.9601860773  103.1838227995  -62.3087521642
   2.7077113278  106.4597209916   89.9334770162
  36.2319771200  190.0868803728   32.2991336230
  49.1652867757  107.0305476431    2.7255931403
  79.9810146447  199.0052090958   75.5783666391
  78.1754613388  193.6976993922   52.5135449134
  44.5496577770  199.8944235034   13.1652003154
  52.1947149187  167.7940359805   85.9327056445
  22.3157653585  167.6189802587   20.7457721699
  16.8529471382  171.2826403324   38.3393043652
   0.9601860773  103.1838227995   37.6912478358
   2.7077113278  106.4597209916  189.9334770162
  36.2319771200  190.0868803728  132.2991336230
  49.1652867757  107.0305476431  102.7255931403
  79.9810146447  199.0052090958  175.5783666391
  78.1754613388  193.6976993922  152.5135449134
  44.5496577770  199.8944235034  113.1652003154
  52.1947149187  167.7940359805  185.9327056445
  22.3157653585  167.6189802587  120.7457721699
  16.8529471382  171.2826403324  138.3393043652
   0.9601860773  103.1838227995  137.6912478358
 102.7077113278  -93.5402790084  -10.0665229838
 136.2319771200   -9.9131196272  -67.7008663770
 149.1652867757  -92.9694523569  -97.2744068597
 179.9810146447   -0.9947909042  -24.4216333609
 178.1754613388   -6.3023006078  -47.4864550866
 144.5496577770   -0.1055764966  -86.8347996846
 152.1947149187  -32.2059640195  -14.0672943555
 122.3157653585  -32.3810197413  -79.2542278301
 116.8529471382  -28.7173596676  -61.6606956348
 100.9601860773  -96.8161772005  -62.3087521642
 102.7077113278  -93.5402790084   89.9334770162
 136.2319771200   -9.9131196272   32.2991336230
 149.1652867757  -92.9694523569    2.7255931403
 179.9810146447   -0.9947909042   75.5783666391
 178.1754613388   -6.3023006078   52.5135449134
 144.5496577770   -0.1055764966   13.1652003154
 152.1947149187  -32.2059640195   85.9327056445
 122.3157653585  -32.3810197413   20.7457721699
 116.8529471382  -28.7173596676   38.3393043652
 100.9601860773  -96.8161772005   37.6912478358
 102.7077113278  -93.5402790084  189.9334770162
 136.2319771200   -9.9131196272  132.2991336230
 149.1652867757  -92.9694523569  102.7255931403
 179.9810146447   -0.9947909042  175.5783666391
 178.1754613388   -6.3023006078  152.5135449134
 144.5496577770   -0.1055764966  113.1652003154
 152.1947149187  -32.2059640195  185.9327056445
 122.3157653585  -32.3810197413  120.7457721699
 116.8529471382  -28.7173596676  138.3393043652
 100.9601860773  -96.8161772005  137.6912478358
 102.7077113278    6.4597209916  -10.0665229838
 136.2319771200   90.0868803728  -67.7008663770
 149.1652867757    7.0305476431  -97.2744068597
 179.9810146447   99.0052090958  -24.4216333609
 178.1754613388   93.6976993922  -47.4864550866
 144.5496577770   99.8944235034  -86.8347996846
 152.1947149187   67.7940359805  -14.0672943555
 122.3157653585   67.6189802587  -79.2542278301
 116.8529471382   71.2826403324  -61.6606956348
 100.9601860773    3.1838227995  -62.3087521642
 102.7077113278    6.4597209916   89.9334770162
 136.2319771200   90.0868803728   32.2991336230
 149.1652867757    7.0305476431    2.7255931403
 179.9810146447   99.0052090958   75.5783666391
 178.1754613388   93.6976993922   52.5135449134
 144.5496577770   99.8944235034   13.1652003154
 152.1947149187   67.7940359805   85.9327056445
 122.3157653585   67.6189802587   20.7457721699
 116.8529471382   71.2826403324   38.3393043652
 100.9601860773    3.1838227995   37.6912478358
 102.7077113278    6.4597209916  189.9334770162
 136.2319771200   90.0868803728  132.2991336230
 149.1652867757    7.0305476431  102.7255931403
 179.9810146447   99.0052090958  175.5783666391
 178.1754613388   93.6976993922  152.5135449134
 144.5496577770   99.8944235034  113.1652003154
 152.1947149187   67.7940359805  185.9327056445
 122.3157653585   67.6189802587  120.7457721699
 116.8529471382   71.2826403324  138.3393043652
 100.9601860773    3.1838227995  137.6912478358
 102.7077113278  106.4597209916  -10.0665229838
 136.2319771200  190.0868803728  -67.7008663770
 149.1652867757  107.0305476431  -97.2744068597
 179.9810146447  199.0052090958  -24.4216333609
 178.1754613388  193.6976993922  -47.4864550866
 144.5496577770  199.8944235034  -86.8347996846
 152.1947149187  167.7940359805  -14.0672943555
 122.3157653585  167.6189802587  -79.2542278301
 116.8529471382  171.2826403324  -61.6606956348
 100.9601860773  103.1838227995  -62.3087521642
 102.7077113278  106.4597209916   89.9334770162
 136.2319771200  190.0868803728   32.2991336230
 149.1652867757  107.0305476431    2.7255931403
 179.9810146447  199.0052090958   75.5783666391
 178.1754613388  193.6976993922   52.5135449134
 144.5496577770  199.8944235034   13.1652003154
 152.1947149187  167.7940359805   85.9327056445
 122.3157653585  167.6189802587   20.7457721699
 116.8529471382  171.2826403324   38.3393043652
 100.9601860773  103.1838227995   37.6912478358
 102.7077113278  106.4597209916  189.9334770162
 136.2319771200  190.0868803728  132.2991336230
 149.1652867757  107.0305476431  102.7255931403
 179.9810146447  199.0052090958  175.5783666391
 178.1754613388  193.6976993922  152.5135449134
 144.5496577770  199.8944235034  113.1652003154
 152.1947149187  167.7940359805  185.9327056445
 122.3157653585  167.6189802587  120.7457721699
 116.8529471382  171.2826403324  138.3393043652
 100.9601860773  103.1838227995  137.6912478358
